$GAGSV,1,1,04,13,28,043,,21,46,152,,26,76,351,,31,24,317,,0*7B
$GBGSV,1,1,03,24,24,187,34,25,45,256,39,34,64,352,19,1*48
$GBGSV,2,1,07,11,52,302,31,21,29,118,11,22,21,062,12,23,21,309,11,3*78
$GBGSV,2,2,07,24,24,187,09,25,45,256,12,34,64,352,10,3*40
$GBGSV,1,1,02,12,51,040,,16,01,333,,0*73
$GNGLL,3404.1384844,N,11826.6772781,W,002522.00,A,D*64
D`)&S_ӱi*$GNRMC,002523.00,A,3404.1386806,N,11826.6771675,W,0.091,,100226,,,D,V*04
$GNVTG,,T,,M,0.091,N,0.168,K,D*3F
$GNGGA,002523.00,3404.1386806,N,11826.6771675,W,2,12,1.47,115.562,M,-32.846,M,,0000*78
$GNGSA,A,3,25,12,29,28,05,46,44,18,21,,,,2.25,1.47,1.69,1*00
$GNGSA,A,3,86,87,76,,,,,,,,,,2.25,1.47,1.69,2*0B
$GNGSA,A,3,23,33,,,,,,,,,,,2.25,1.47,1.69,3*0B
$GNGSA,A,3,23,34,11,25,24,,,,,,,,2.25,1.47,1.69,4*0A
$GPGSV,3,1,09,05,62,121,26,12,49,163,23,18,20,247,29,21,46,069,12,1*6F
$GPGSV,3,2,09,25,70,251,33,28,12,290,29,29,49,319,32,44,50,177,31,1*69
$GPGSV,3,3,09,46,49,199,35,1*55
$GPGSV,1,1,04,18,20,247,26,21,46,069,19,28,12,290,24,29,49,319,26,6*62
$GPGSV,1,1,04,11,34,045,,15,02,160,,20,02,137,,31,03,317,,0*67
$GLGSV,1,1,04,69,06,027,12,77,19,328,22,86,52,315,16,87,24,272,40,1*71
$GLGSV,1,1,02,76,56,286,35,85,29,040,21,3*71
$GLGSV,1,1,03,70,22,074,,71,13,133,,75,39,193,,0*48
$GAGSV,1,1,02,23,74,288,27,33,41,243,24,2*77
$GAGSV,1,1,04,13,28,043,,21,46,152,,26,76,351,,31,24,317,,0*7B
$GBGSV,1,1,04,21,29,118,14,24,24,187,34,25,45,256,39,34,64,352,19,1*7A
$GBGSV,2,1,08,11,52,302,31,12,51,040,15,21,29,118,09,22,21,062,12,3*71
$GBGSV,2,2,08,23,21,309,10,24,24,187,10,25,45,256,12,34,64,352,10,3*7E
$GBGSV,1,1,01,16,01,333,,0*43
$GNGLL,3404.1386806,N,11826.6771675,W,002523.00,A,D*68
